name: myRL
channels:
  - conda-forge
  - defaults
dependencies:
  - asttokens=2.4.1=pyhd8ed1ab_0
  - bzip2=1.0.8=hcfcfb64_5
  - ca-certificates=2024.6.2=h56e8100_0
  - colorama=0.4.6=pyhd8ed1ab_0
  - comm=0.2.2=pyhd8ed1ab_0
  - debugpy=1.8.1=py311h12c1d0e_0
  - decorator=5.1.1=pyhd8ed1ab_0
  - exceptiongroup=1.2.0=pyhd8ed1ab_2
  - executing=2.0.1=pyhd8ed1ab_0
  - importlib-metadata=7.1.0=pyha770c72_0
  - importlib_metadata=7.1.0=hd8ed1ab_0
  - ipykernel=6.29.4=pyh4bbf305_0
  - ipython=8.25.0=pyh7428d3b_0
  - jedi=0.19.1=pyhd8ed1ab_0
  - jupyter_client=8.6.2=pyhd8ed1ab_0
  - jupyter_core=5.7.2=py311h1ea47a8_0
  - krb5=1.21.2=heb0366b_0
  - libexpat=2.6.2=h63175ca_0
  - libffi=3.4.4=hd77b12b_1
  - libsodium=1.0.18=h8d14728_1
  - libsqlite=3.46.0=h2466b09_0
  - libzlib=1.2.13=h2466b09_6
  - matplotlib-inline=0.1.7=pyhd8ed1ab_0
  - nest-asyncio=1.6.0=pyhd8ed1ab_0
  - openssl=3.3.1=h2466b09_0
  - packaging=24.1=pyhd8ed1ab_0
  - parso=0.8.4=pyhd8ed1ab_0
  - pickleshare=0.7.5=py_1003
  - pip=24.0=py311haa95532_0
  - platformdirs=4.2.2=pyhd8ed1ab_0
  - prompt-toolkit=3.0.47=pyha770c72_0
  - psutil=5.9.8=py311ha68e1ae_0
  - pure_eval=0.2.2=pyhd8ed1ab_0
  - pygments=2.18.0=pyhd8ed1ab_0
  - python=3.11.9=h631f459_0_cpython
  - python-dateutil=2.9.0=pyhd8ed1ab_0
  - python_abi=3.11=4_cp311
  - pywin32=306=py311h12c1d0e_2
  - pyzmq=26.0.3=py311h484c95c_0
  - setuptools=70.0.0=pyhd8ed1ab_0
  - six=1.16.0=pyh6c4a22f_0
  - sqlite=3.46.0=h2466b09_0
  - stack_data=0.6.2=pyhd8ed1ab_0
  - tk=8.6.14=h0416ee5_0
  - tornado=6.4.1=py311he736701_0
  - traitlets=5.14.3=pyhd8ed1ab_0
  - typing_extensions=4.12.2=pyha770c72_0
  - ucrt=10.0.22621.0=h57928b3_0
  - vc=14.3=h8a93ad2_20
  - vc14_runtime=14.40.33810=ha82c5b3_20
  - vs2015_runtime=14.40.33810=h3bf8584_20
  - wcwidth=0.2.13=pyhd8ed1ab_0
  - wheel=0.43.0=pyhd8ed1ab_1
  - xz=5.4.6=h8cc25b3_1
  - zeromq=4.3.5=he1f189c_4
  - zipp=3.19.2=pyhd8ed1ab_0
  - zlib=1.2.13=h2466b09_6
  - pip:
      - absl-py==2.1.0
      - ale-py==0.8.1
      - autorom==0.6.1
      - autorom-accept-rom-license==0.6.1
      - certifi==2024.6.2
      - charset-normalizer==3.3.2
      - click==8.1.7
      - cloudpickle==3.0.0
      - contourpy==1.2.1
      - cvxopt==1.3.2
      - cycler==0.12.1
      - docker-pycreds==0.4.0
      - farama-notifications==0.0.4
      - filelock==3.15.1
      - fonttools==4.53.0
      - fsspec==2024.6.0
      - gitdb==4.0.11
      - gitpython==3.1.43
      - grpcio==1.64.1
      - gym==0.26.2
      - gym-notices==0.0.8
      - gymnasium==0.29.1
      - idna==3.7
      - importlib-resources==6.4.0
      - intel-openmp==2021.4.0
      - jinja2==3.1.4
      - joblib==1.4.2
      - kiwisolver==1.4.5
      - markdown==3.6
      - markdown-it-py==3.0.0
      - markupsafe==2.1.5
      - matplotlib==3.9.0
      - mdurl==0.1.2
      - mkl==2021.4.0
      - mpmath==1.3.0
      - networkx==3.3
      - numpy==1.26.4
      - opencv-python==4.10.0.82
      - pandas==2.2.2
      - pillow==10.3.0
      - protobuf==4.25.3
      - pygame==2.5.2
      - pyparsing==3.1.2
      - pytz==2024.1
      - pyyaml==6.0.1
      - requests==2.32.3
      - rich==13.7.1
      - scikit-learn==1.5.0
      - scipy==1.13.1
      - seaborn==0.13.2
      - sentry-sdk==2.6.0
      - setproctitle==1.3.3
      - shimmy==1.3.0
      - smmap==5.0.1
      - stable-baselines3==2.3.2
      - sympy==1.12.1
      - tbb==2021.12.0
      - tensorboard==2.17.0
      - tensorboard-data-server==0.7.2
      - threadpoolctl==3.5.0
      - torch==2.3.1
      - tqdm==4.66.4
      - tzdata==2024.1
      - urllib3==2.2.1
      - wandb==0.17.3
      - werkzeug==3.0.3
prefix: C:\Users\rahat\miniconda3\envs\myRL
